input: 70 ml EtOH 63˚C

steps	ml/20s		ml/h (*3*60=*180)
0
100
200
300
400		0.1
500		0.4
600		0.55							1.2 1.3 1.15
650		1.15	
700		1.15	1.4
750		1.7
800		1.8								1.3 1.3 1.15
850										3.3
900										4.1 4.1 4.5
950										5.2 4.9 		9.3 9 8.9
1000	5ml	3.4	4.8						
1100	5ml	4	6
1200	6.6ml	5.6
1300	8	9.1	9.7
1400	10	9.7	11.4
1450	10.4	10.9
1480	10.8	12.8
1500	14.2	10.5	11.6			27	23	20	22
1600	14.1	17.2	17.1
1700
1800
1900
2000

checkpoints:
100 ml/h -> 0.55 ml/20s
300 ml/h -> 1.66 ml/20s
700 ml/h -> 3.88 ml/20s
2100 ml/h -> 11.66 ml/20s


input: 3 bar steam H2O 20˚C


steps	ml/20s	ml/min (*3)
0		
100		
200		
300		
400		
500		
600		
700		
800		
900		
1000	
1100	
1200	
1300	
1400	
1500	
1600	
1700	
1800	
1900	
2000	

checkpoints:
680ml/min -> 227 ml/20s
